Site,Aberdare,Ai.Ais,Akagera,Amboseli,Arawale,Arly.Partial,Arly.Total,Arusha,Bahr.Salamat,Bale,Bangweulu,Banhine,Bicuar,Binder.Lere,Bontioli,Boumba.Bek,Budongo,Buffalo,Bururi.Forest,Cameia,Cangandala,Chobe,Cliff.of.Bandiagara,Comoe,Daan.Viljoen,Deux.Bales,Etosha,Gambella,Gile,Gishwati,Gombe,Gonarezhou,Gorongosa,Hells.Gate,Hwange,Iona,Kabore.Tambi,Kafue,Kafue.Flats,Kakamega,Kasungu,Kgalagadi.Transfrontier,Khaudum,Kibale,Kibira,Kidepo.Valley,Kilimanjaro,Kizigo,Kourtiagou,Kruger,Lac.Tele,Lake.Manyara,Lake.Mweru,Lake.Nakuru,Lake.Rukwa,Lefini,Lengwe,Liwonde,Lolldaiga,Luando,Luengue.Luiana,Madjoari,Mago,Mahale.Mountains,Mahango,Majete,Mana.Pools,Manda,Manovo.Gounda.Saint.Floris,Mare.aux.Hippopotames,Marsabit,Masai.Mara,Matobo,Matusadona,Mavinga,Meru,Mikumi,Mocamedes,Mont.Fouari,Mount.Assirik,Mount.Elgon,Mount.Kenya,Mudumu,Mupa,Murchison.Falls,Mushandike,Mwabvi,Mweru.Wantipa,Nairobi,Namib.Naukluft,Ngorongoro,Ngotto.Forest,Niassa,Nkasa.Rupara,Nkhotakota,Nouabale.Ndoki,Nyanga.Nord,Nyika,Nyungwe,Odzala.Kokoua,Okavango.Delta,Omo,Pama,Parc.W.Niger,Quiçãma,Ruaha,Rusizi,Ruvubu,Rwenzori.Mountains,Salonga,Samburu,Selous,Serengeti,Simien.Mountains,Singou,Siniaka.Minia,Tamou,Tarangire,Tsavo,Tsoulou,Volcans,Vwaza.Marsh,W,Waterberg.Plateau,West.Lunga,Zakouma,Zinave
Aberdare,0,29513.5019646711,24299.9447352347,29764.9395946197,42947.6031494141,22542.6341108837,24972.3255880635,8069.07974132392,24830.1374638638,22216.4356978375,16311.8060511972,26468.7516533464,17889.3530568369,13851.2129457835,21366.5435687323,47102.5122408205,33991.2450525262,26406.7554821489,31417.6864556211,15433.8063873518,14625.1822781036,21182.6618443224,41151.2799762164,32617.9707507591,26971.4694352212,17966.5854367081,37353.3425699872,29287.8060137374,14455.8971719401,35568.864018555,19634.8562237781,15397.5030976588,12388.1849146535,12249.4831618929,22026.6898846785,44264.0349709985,26485.8149160139,9335.6623106557,29090.0962675961,29123.4950810064,9292.21653846526,76925.4544551019,38558.3014927556,30798.4073460416,31724.8286739649,18323.6536701507,21563.4165717236,17243.4105604742,21728.8169630719,16517.2241198323,47065.6488579639,9239.90486653644,28593.6919731152,14044.8148927998,17278.7456322721,33461.3071951543,21644.2742245976,25390.3560596511,22360.5512965772,8671.3195216395,9726.64234135821,21728.8169630719,23891.2390570711,23667.5281700311,12002.3242554983,23116.5608830726,9168.47272480702,20753.8585343736,12587.180372164,26225.2663378299,39994.4688850859,15293.1627349322,14548.3395854,9652.14863046403,18536.9775718319,14233.6125365468,19107.3441992519,50074.2476368847,38619.2003323334,15198.4879528006,23235.407044029,15380.3789950995,17588.3391992827,21590.5656305336,22657.7972195396,18903.0156835208,15737.2105103377,14934.8938245701,16124.1617938609,55180.1268742361,16487.9326694732,47907.1355030743,10831.4334514547,17691.5635895657,6134.96606471508,46764.7961976391,39932.5268408773,14072.040564128,33786.4213427065,36694.6298195034,17585.7563854158,25838.0018350367,30437.6202170744,26553.9892985018,22524.8131426347,10281.1054331263,31173.8707710756,23515.7266247807,27763.8911673236,44703.7896464886,22444.9092500683,13001.9511542762,14069.826460425,31283.4267188635,30432.5400153724,40860.3803271481,32526.0982938496,14497.9013532482,19137.7120107635,31933.5957471775,37523.0744899091,8005.9531828026,25457.7410223999,28447.2727530034,9908.44829136675,28554.2623970301,20802.6234852935
Ai Ais,29513.5019646711,0,47040.6152328582,20260.3131029713,29896.2442204357,20329.8560032137,17962.3324097832,31500.5198494235,14542.9276081618,30433.5434767255,39559.372124756,18617.251934787,19049.8698833593,25459.9165569838,20968.1319166236,68284.6328214873,55479.1362510781,16397.3285622286,52930.2734886614,38170.2479706154,31235.1827149342,16212.7805377093,22655.6367887631,56301.6330399709,15245.3690716832,30632.0625949116,27333.9647002694,19295.0961797983,35019.0885257114,57597.4371349851,41817.6289203761,19679.0358555702,27213.6539028945,34268.8831653063,16441.1834899219,30442.8058125601,17726.4169531847,34447.856711432,50047.1339914288,42349.5384283847,34948.5567856342,54325.9273854863,25530.7862121214,53402.007966596,51763.2821828697,21295.2061300199,39712.4843642388,17883.4043183851,20215.3162350779,17338.7780687728,66822.2475984999,24711.3621061691,49741.8533534492,21127.5894776362,40301.8416059731,51788.7468434338,41997.4934847057,48344.5014513174,18193.1829686858,28586.2121112921,27468.7333410888,20215.3162350779,17854.0475672718,46323.8596671258,27278.2481745732,44593.6614175268,32912.7659553666,20498.4855157637,28453.0230744455,35648.0283612652,27763.4513754314,36997.1252847764,22231.6022287183,28049.5078614305,22754.7055765377,22516.4906039691,19314.4189976348,29149.7285974779,55207.3891342712,29368.4747147902,45928.8458805253,39084.8499431415,20302.2639569326,22051.7181172627,44762.294089599,36937.4669522808,37520.7419147981,37934.2239877613,20444.4480726312,36689.4753547761,19418.2663213095,69728.6030606075,27201.5736313512,23592.9679192242,31559.4155229579,66948.0610361312,58351.3715169857,33709.4506826442,55633.8021871363,59758.6766541647,20061.4727465413,19124.3249245158,17949.7629333746,17335.9608639665,20757.2753099167,25222.2394458576,49042.6927852804,40053.7312374672,49171.1262769631,61981.3271692532,16306.9319984863,37199.0734618909,22142.3552111096,20774.4709931715,17137.1208325685,25140.5440627867,19609.4640353029,21088.4264357368,16503.0622856558,46985.4216310829,60541.450122498,32751.2468399887,19426.3182350752,17631.1439694934,28857.2083125341,18359.9557793845,17855.6138751146
Akagera,24299.9447352347,47040.6152328582,0,49675.4261366231,53128.6819103829,42482.2171456616,44919.0961873863,22817.0231525158,43493.8914374276,30295.6158890993,18173.1290146229,46114.4359096968,38620.6064088653,32216.8534657695,35817.9539072329,29909.6958612305,21242.7900497301,43357.9537578494,20456.9940429055,19012.8350563818,25293.9010162378,40283.8118824038,61383.8738703146,16157.5530427774,46944.3275552052,27217.3164110045,56747.9358938361,49397.7366147766,21725.0379966061,19012.375248446,15198.6908035726,34252.7520678979,27085.9296660686,20737.4588067627,42593.1887855473,64221.3806980624,45091.5576438146,22056.6194415043,14405.3724882979,19416.7353927457,20341.8659756338,96115.8826820333,58636.3550009896,15767.9902168269,18055.2982543667,37946.3398005994,18083.8698114877,37984.9194569904,40844.7963445071,36625.8116112869,30522.810458793,29212.0813080474,14733.6607151445,34697.2991736916,18066.4832155975,18705.8492422098,16142.7086262771,13928.3758963037,41716.6504011005,27908.8683994274,29484.3333170195,40844.7963445071,43433.8583269325,12734.1245138107,31966.8582116531,15889.0619639127,22739.2120883682,39638.1327955581,30008.7399896917,24074.4984336707,59928.9071179542,17996.4726418265,33169.9849860834,28605.4894213441,36807.3724327622,33602.6781973682,39752.4960326891,69358.1067003999,25719.7928527754,25205.6991441045,13458.3368217339,13906.8226834383,37575.3764590571,35155.1504933758,12015.0748221528,22521.2347427502,19208.4410458577,20291.8130248679,36698.4275332008,75119.2818684812,36357.1929117941,30044.4581708149,30472.8770477128,31640.5561866474,24250.8332003432,29620.7719527626,25513.8075030544,21914.094103512,19978.0007767116,21300.6807271552,36783.089593403,44479.7394954904,50003.2845518398,46048.7244126168,42352.779455727,28605.7552637696,18812.9765400332,20063.5095510937,11665.3597999864,27049.5341355229,41539.32552333,18017.8472124032,32074.6470824594,51261.8796722531,49722.988965152,60033.2217462131,52090.2460915157,33909.3594069133,39258.676905197,20183.6317718913,18952.596954625,22931.1080196956,46111.6865539892,48337.3497909429,29344.7086438142,47859.9156638909,40719.12460624
Amboseli,29764.9395946197,20260.3131029713,49675.4261366231,0,34279.4857132529,19262.7696280989,18697.0269014282,31458.7136559265,13834.2047284582,35940.7636859689,40377.8176172606,8655.28977724066,16241.7195305112,28219.5170233198,26481.0206051057,70484.5490367624,56933.2382204979,17275.9063702961,53110.0854781638,37225.7276622,31293.2889660496,12176.6149690615,22921.0709876538,58997.5278458476,15437.950508831,37427.1511286475,13693.2268786433,7726.7139050754,37103.2860006857,60810.5489917699,41332.3001543216,18962.4749586854,28259.552324275,34193.7564229052,12251.9170071389,18637.1164981804,16552.8454760256,35064.7249982853,50902.917438272,50745.0518172262,36116.888795661,51800.7616262857,13120.2726406034,58077.7320050914,53263.5140639177,17924.9642464353,41475.0311481906,17115.2787505947,20395.5627640604,16527.2814415892,70126.5700365434,25275.9484071248,51498.3448101759,19767.2734674448,41785.9647494589,56225.9813737828,43563.582261809,49950.0463581751,11831.1612835783,25783.5284636486,26514.1035586548,20395.5627640604,9721.03977450643,47370.2286111111,25272.4257058066,45165.72457528,33508.6791670158,21664.1150617282,26781.0279234853,45321.9197959548,13913.7184670709,37224.9574584917,20118.1248415346,25818.1043893182,21923.5424309364,23471.4201731663,15368.1568179867,26334.6612589239,59914.6130589849,33371.5039761272,48043.8208675732,40875.1809272926,16077.4856252067,21285.0811567897,46476.6305895729,40017.2539857522,37227.9981995883,38023.3188353401,19405.2903970337,29611.3060498377,19513.00291065,71252.2217018368,25521.1260399677,22844.3280257675,30113.21944074,70270.0531589339,62437.2369441688,35188.7196864196,57595.8690548367,61709.02927349,16078.6333938461,8267.30719898648,12121.2931344312,15753.607871978,20447.0214745662,25902.1394189173,53492.197792928,44858.2170204501,53518.3558503405,67232.9096627333,11040.5250857682,39787.6921090817,22818.040487109,27565.6732925401,13092.5878463651,15973.2236994173,13940.4284019211,20894.7251954677,14583.3361896252,50612.1103263984,64616.1107975323,32557.1359383227,16725.9489179608,12982.1819821678,27815.2134743138,11047.9432601121,13956.263612046
Arawale,42947.6031494141,29896.2442204357,53128.6819103829,34279.4857132529,0,34942.4540343059,33484.7003173166,45312.577010037,35414.4891636637,38635.4956269773,50617.6409920407,33447.0459117243,36536.3103124277,39591.3222559801,30977.9182717284,76373.8489208333,63139.8621201354,30522.8836069241,59742.9126902062,46930.3405431083,39654.3338758688,36839.2709386295,32959.821664148,63244.2582477696,33893.3322135415,38834.6848110721,30786.1376953129,34606.5641119793,44941.3124661459,65916.1453472225,48295.5870788321,38078.0908899624,41869.0037049765,43480.132800888,34352.0746670542,29901.2089320622,33249.7149498694,48493.5574522568,58512.322070044,50846.4377551868,47753.1936723619,46789.5520191309,29949.3850168793,62005.6095000163,59572.2154061839,38267.8928516399,45712.062608507,36061.4375688941,35280.4262046684,36820.1389801727,75583.6555989582,41968.8360595704,57150.4316850943,37952.4006661067,51911.0820919404,60257.8050399236,49486.4870707777,55832.9310464814,35970.6768681258,43799.1885716734,44159.1214300482,35280.4262046684,35190.1872193786,53278.9515060767,42989.8977830794,52144.441652969,47638.4824413263,37258.6171383105,44151.3181063982,41022.9265769674,28529.1896449663,46031.7003068234,41988.4645881082,43151.8633908772,37865.2450451282,40448.7745935406,36396.6653778707,26848.9616836732,63857.1968523337,41727.7954696169,52792.0444954114,49381.6771037169,38102.1376715673,32810.8727817712,51981.757914617,48487.0698322501,47806.3157632454,50378.2205171137,37609.043056968,30423.6568611829,37204.9063866034,78247.7230078448,42718.5387369791,36983.031005136,45159.9124874963,75770.4742231152,67351.0599809758,43800.9934833331,64084.6564758721,67855.1100855548,39450.5762202673,34444.3100900037,30836.6096976278,36187.2580295139,37631.5852595563,42382.8600429154,57340.373597615,48034.8955897463,57702.769116444,70953.0985409133,36488.1482189586,49911.9439198443,40755.6767006808,35330.4712322428,31779.6397395837,29040.4023567706,32596.2675250775,39138.6302894325,36704.7097610414,53797.1280211559,69357.1501529517,46152.5843785347,33320.8911195857,32809.4080092592,44730.3956063145,33330.2607933026,36698.6508890752
Arly Partial,22542.6341108837,20329.8560032137,42482.2171456616,19262.7696280989,34942.4540343059,0,2750.42280802548,25828.6190112223,12526.6543637096,25790.8170584275,33281.125110003,16328.8756338017,10854.7979381446,14752.1801219267,13649.6447792907,61343.7803349849,50172.2609250078,12489.6254599422,45479.1854549346,31030.0221900825,22224.5102193818,14194.3508427394,26284.6524029575,50741.8917362181,13342.6999268257,24193.3341789538,23737.6744791665,13356.2600115698,27101.7021220378,53493.3374885216,35415.2192187027,11643.9384577895,21146.2884665625,27982.9830562959,13979.2013941485,28191.4149331345,9119.22726555746,27518.123247245,44436.2768545442,38371.4262675225,28233.5279527605,60639.7997804009,20047.9989585246,49501.9921045904,45230.7302902808,10157.3197558564,32458.4858241499,12089.6153022962,3650.58473395587,11712.851973143,59537.7790350228,17930.8742389937,41759.9653704754,12669.9016253703,34823.3740551815,42746.6283574386,35344.0207086194,42616.0986080946,16075.7509147255,20079.4772642247,19745.7579451184,3650.58473395587,14535.4506560305,40569.997568871,17039.2316502155,37918.3367019572,26495.390320526,7209.50070043844,18235.4070579538,32163.5231768448,24095.7123500393,30580.1243708718,13764.6892509391,19445.4323116632,10779.9154126396,15140.2250009118,12127.4949159668,34697.6669479121,47428.7572500252,23592.6953259553,41333.6095713187,33547.2939446596,10783.2748091272,12535.1653710739,39113.0027029855,28994.9171101626,30826.0096815516,31204.5331215388,13214.3944707568,39918.0257508997,13032.5970111825,63760.7573856827,16584.2566669932,15354.1271883368,22740.7354341691,60387.8480281249,52481.4759152529,25548.8283677675,50523.5109415405,54656.1865302155,11921.6399489734,14608.3810136107,9461.83040378544,11526.2777544624,4381.85072314016,17851.8632671931,42457.318675889,33748.8568465257,45255.8393848043,54530.2041898336,13483.9997987406,31827.8558884291,15693.4929060555,16327.6282514909,10678.9700777982,25677.9229717638,15710.1074461794,14988.2710731288,12863.9951773051,38624.7524965564,55733.4199112953,25351.5130029466,10954.8683179671,12316.8021816649,20246.1571971533,13130.878615703,10596.3878030301
Arly Total,24972.3255880635,17962.3324097832,44919.0961873863,18697.0269014282,33484.7003173166,2750.42280802548,0,26671.0428133468,12830.3840795899,25783.3640413785,35872.6504725975,14807.625552301,10939.2278635132,15848.7533916906,15433.342459452,63866.672983089,52249.8713110918,11900.0674417254,47752.7477726251,33389.6653086623,23759.6446523743,14268.1164112738,24119.8806156851,53685.8017330784,11698.6890613731,25032.3026622298,22506.7250989174,12771.1737780419,29627.0261074268,55712.9344554105,36246.6511432703,12357.0025209643,23482.6951591204,29947.7357595554,12980.6416130804,26930.9592316812,7387.41325990463,29856.2843522769,46828.1921488725,40030.4131431691,30447.5436930424,58354.6547137221,18462.0449335978,51990.4654353089,47978.7673606631,12021.0973629867,34094.1049654744,11737.987903531,5146.59665174406,12223.6161686107,62115.6606833499,19849.075798886,44239.7648301628,14494.1848345734,36721.4230204358,45500.4282453138,37444.4048022101,45254.1759739145,15977.0646156104,21989.0072562671,22035.2670977989,5146.59665174406,14515.72142609,42648.0572411511,19391.8128136793,40327.7569575188,28934.3323158144,10119.5330946658,20666.7877084043,34331.5271854078,23102.7971729334,30787.570662125,15925.8297802066,21018.6280081055,12536.8544753728,17018.9240879819,12230.7139760057,32657.3248654543,50125.0925807074,24931.0495971787,43561.1528901779,35683.2409130398,11323.2544480131,12962.0829186767,41569.2535408492,32092.5848434537,33112.0065807362,33451.8596777528,14309.3327013486,37853.7568336486,12262.9299334418,66154.1405197275,19587.9113414098,17916.0607695729,25195.9880347579,62907.1842472544,54658.5575979703,28243.7696481339,52980.1281270635,57056.8276376498,11983.0932061969,14599.824423802,8620.66679649993,9584.66878974111,6101.19627689445,20315.3858670023,44200.7349693737,34547.0252731298,47208.8249220393,55820.6984405978,13544.0557549667,34117.9077077877,17203.7226494927,16338.5992649132,8997.58146562399,23365.0445121237,14785.0631657759,16441.4025164124,12818.3078023015,40814.3690449249,58073.9521993149,27363.2577221393,8417.62092592071,12063.0586025148,22379.1432232181,13554.4044403333,11426.1549925651
Arusha,8069.07974132392,31500.5198494235,22817.0231525158,31458.7136559265,45312.577010037,25828.6190112223,26671.0428133468,0,26214.4006292392,19833.2609885766,12458.0414871206,28325.2851231726,19733.7292380814,16070.8208961532,23555.0911352492,43371.7054988794,30471.6846878679,28015.8117219531,29632.2859051352,12723.2843074256,13607.3372832228,22456.4363688603,42889.7442971317,29291.6341384984,30016.8050254664,18275.4959571784,39571.0935684588,31414.6759850808,11984.9823665134,32000.2847203869,18100.4888596923,19034.1463300855,13268.4598613397,9945.18042680865,23608.3877477746,47007.5620306577,28192.6411026695,6806.92329746378,24916.9890151271,25862.4012903743,7444.22000846974,80569.1964453307,41596.9730765259,29025.3318133873,29885.1562603372,19892.9350400053,16849.5403782984,21581.9851355994,23223.1005775797,20542.6994999907,42778.4895840194,11079.2992222965,25530.1440672285,16275.3300362968,13030.3102676435,30792.3275609505,17335.7855272253,21822.737132522,24429.8022573178,10182.6833996239,12234.2160113823,23223.1005775797,25187.1910150615,19303.1497875772,14762.0357974622,19005.068187133,5302.88923202198,21473.5342815676,13659.1045581378,24966.593802091,42549.2358420848,15385.7186077602,15683.4438288892,11998.9518833984,20381.0113864686,17383.9615866211,21195.8726858853,53458.8121623416,36614.7985173486,15660.231496407,23104.1485700259,12717.3211601527,19249.6985419862,22360.7706950392,20896.4587522752,15645.231956123,12133.9416916745,11437.769676528,20531.6185338547,57156.5092777087,19945.736814244,43837.5209425341,11910.0268393455,18518.9121122761,6210.48460698029,42884.5640144164,36478.0648556339,11429.0299926266,30230.2821191345,33283.0665217609,18597.4893362099,26913.0800105535,32184.4328072501,28715.3555684356,25323.170544269,13007.0792740694,29034.6354174636,19420.1547891423,25723.3389173984,40373.4004265644,23887.3659748161,11260.0466446947,17195.5687456782,33728.1623611174,32743.9442345399,43594.0046807673,34385.7423761271,18538.8199897128,22262.0593178946,29796.7956976737,35287.986892975,4299.14399597825,28460.1436900737,31059.8795367451,11378.8063352449,30395.0096905687,23140.717801315
Bahr Salamat,24830.1374638638,14542.9276081618,43493.8914374276,13834.2047284582,35414.4891636637,12526.6543637096,12830.3840795899,26214.4006292392,0,30448.0413285364,34519.7671417659,13492.0567779864,12871.9717683602,20510.1064850412,19843.5948346552,62471.3002979835,51296.7116206258,10977.7865556263,46672.0517666165,31838.5671803058,23984.0693927549,8517.80233185285,25505.5681224568,52705.4856863322,10439.2233831519,29067.359913237,18884.464077433,11482.459403719,29661.5146201639,55265.991282293,37350.907769791,13750.9550861382,23431.7818390276,29598.76962025,10598.4713812897,23878.4179240008,11498.4943164828,29455.0142961033,45651.2924466986,41287.434505731,30330.7704319275,59135.973935883,18263.3738233692,51111.9870687809,46934.0307732542,14436.1803151442,32865.3702478474,12848.5523195536,12585.0718501599,12296.5874743879,60489.389059957,19491.3608688422,42893.2221815491,16992.3501761347,35920.0301472852,45606.1505094338,36956.8816354724,43843.7599816096,9825.16014003893,21205.0160665941,21280.300337472,12585.0718501599,9851.35048667594,42982.7566377855,19413.4591166679,39745.20343346,27948.295201304,13807.7792665522,21636.4083931902,38519.9642005944,21882.0982672992,31968.768605294,14399.6093250568,19669.1780074898,14792.9862283434,17626.3270190092,12401.6373690128,32319.5279720115,49542.2990749489,26259.6653984939,42659.9936140961,34936.0444754819,12159.1043250695,16231.5246191563,40544.3590631286,29697.5638562982,32128.8751160404,32154.4007472024,14559.0885955691,37496.6563585027,14689.4455732128,64990.2786513091,20008.3029132785,18927.4899370252,24633.6606793296,61419.417806036,53550.2103778593,28333.7800000629,51987.9748903524,55822.0103655204,12852.3484368248,10450.3571327535,10629.7842318959,11558.8158068982,12613.1645058381,20642.5788220394,43814.5136263385,35426.3606653126,46619.7303740531,57201.2393755679,10068.2298771585,33583.0091884862,17137.8550254298,22803.8488761147,10426.7785677033,21207.2301709203,12323.5610252874,16452.8736015136,11367.0084225285,41446.3590219411,57365.3816904637,27274.1045444264,13001.6624570056,8701.09251225292,22113.3888428507,5401.61492443127,12191.2609966448
Bale,22216.4356978375,30433.5434767255,30295.6158890993,35940.7636859689,38635.4956269773,25790.8170584275,25783.3640413785,19833.2609885766,30448.0413285364,0,21844.1995337091,34690.0147466717,30330.4968349386,15829.102639711,16672.8116204618,48927.4828856016,39885.9694211784,29607.3222716207,36133.114137656,21125.7242569865,16301.0809782834,33518.7715418261,39879.7414611095,38187.8456351374,29208.0036318626,15176.6108308696,42844.1715128818,33897.8739568708,16903.1233683762,41167.9951265612,24039.2630543791,30128.5184385267,23354.4820421841,19154.7536176544,33371.4908936007,45288.7404501313,27466.4589889864,19135.7466461207,31727.0115471875,26073.4644443397,20140.6021779464,74616.5230121724,39995.4930955515,36635.5622205254,36518.615404806,27499.7504520054,22430.3425840318,31779.6309464169,23627.0032960775,30325.2943328544,47260.5957211021,25350.711055718,29518.0209553748,27795.2031392543,23485.5234382631,33412.5650558167,23688.7979401414,30219.9160586023,31963.3797287344,20255.5236940042,20882.9257091421,23627.0032960775,34186.0674303798,28522.5834566078,22676.0740469641,26090.3620568425,17600.2736971117,26233.7126101245,19930.6340863023,20688.1588844148,43036.6565817339,21016.2893846014,27273.3817993444,20933.8605214375,22550.7193718672,26242.0592360695,31086.3320858113,48999.5211769916,39006.9365552621,18663.917047371,28875.1360579871,23011.9764849041,28617.8971561118,25022.325123932,28042.1130085635,21216.7311599058,19565.9676915167,20875.8116558444,29679.7663609467,54661.7012333281,30057.4486456275,51307.1874520332,21628.4214743588,24829.8987882416,19709.9197338375,47874.2688742441,41804.9828465274,16597.3260557526,39009.8823627997,41588.5195925099,29786.9209923034,34521.6570505991,31025.0306114401,29182.3255118444,23941.5894946639,25314.347767916,32499.5013484034,21332.5643700769,33916.2909493616,42020.6379614546,32922.4197127412,21069.0584699881,25493.2852841174,33993.5582281082,31130.5057988163,36732.9807790927,32563.6520746586,28112.957405933,32080.9370003326,32705.4323946495,41488.9149863253,18384.3899786787,27862.011174872,32310.2378679965,19904.1584183715,32405.9284281425,31419.1001553461
Bangweulu,16311.8060511972,39559.372124756,18173.1290146229,40377.8176172606,50617.6409920407,33281.125110003,35872.6504725975,12458.0414871206,34519.7671417659,21844.1995337091,0,36983.6722621083,27901.2053938502,24067.6743984809,29003.3979859463,34033.7157943312,23757.676348507,35250.871602051,23142.7326818426,9291.04300243447,17932.0579875326,30043.6391721731,51934.4135180328,21784.0446707167,38777.7886302734,18036.5144827222,48538.0857341391,40046.4353699126,14208.8462460693,23904.5772588493,13384.2249179006,26805.2011065926,16678.1801227121,14454.6285629197,31770.4197069807,56277.4817578395,36963.9748257274,10071.0015464508,15107.2882016967,19506.1081633984,8034.15485361021,90273.6528536068,50658.7343300315,21480.844142956,23129.2455946385,28163.4829063609,13100.4215211441,28872.1250466486,31825.7089350831,27996.4593329832,33949.7246639867,20209.8660472542,15384.8375489649,25042.8918441056,4299.44213827536,23066.4662086303,8804.83543375376,11233.7920876355,32128.5693431909,17204.4919599784,17522.5920248046,31825.7089350831,33627.98260063,14560.3349604204,19637.9814288027,8722.69522037386,9739.86753088283,30466.0064867311,18659.3935557648,19944.5287403442,51787.3331012068,14464.1494776429,22547.0639588148,17923.9054277065,26737.9167922166,24293.4661729259,29460.2786710858,63069.9474670767,30489.6074818506,19082.2533034543,15994.5852680723,6743.29768727,26631.9185939392,27830.0959047685,16184.5577659682,11161.6174475497,10165.2678690727,6035.81862797237,28794.4410838209,66699.061090685,28043.7772076957,34589.1882891694,18996.0511242838,22947.7451773581,13347.6152110179,34603.8877543585,29998.5356704547,14868.9186670873,22623.8129442388,24993.1619666804,25730.9977049934,35169.8403776747,41468.8773522399,37388.907795031,32043.410936475,19084.4540203593,24303.4182966896,14471.3809371952,18621.1622772897,31674.7695008694,31756.6779541327,5735.76880212105,24149.0259331709,40622.6386651026,41958.8628215428,53026.6130826878,43966.8155431252,25634.159407423,29473.8769327621,24129.2529360237,26206.674936857,10742.693107824,36674.3710889806,40467.3221277064,17520.2110124331,38974.8024787303,30273.459117235
Banhine,26468.7516533464,18617.251934787,46114.4359096968,8655.28977724066,33447.0459117243,16328.8756338017,14807.625552301,28325.2851231726,13492.0567779864,34690.0147466717,36983.6722621083,0,10975.1257801175,26181.9839111713,23630.3827409513,67958.4319975334,53253.0125952713,12351.337523419,51030.1947071105,35058.3134337408,28763.0742010342,7737.42308786716,24323.4759549269,55714.2002153389,13632.0092814623,33569.1886826145,16000.3954081627,6986.85440161615,34214.4163798469,57333.4354372166,38295.6013149221,14543.0535485974,24529.9740309438,30391.1508832398,6272.86191953186,20600.5985921806,14597.0313013127,31592.1068714574,48630.8127849785,47756.5122865016,32769.4553192602,54480.2191510794,14719.9157560948,54646.7633772416,51482.6999112757,13942.6456443341,38961.228661776,12290.5910356041,16126.9300219672,11994.966665486,67582.28979326,21802.9077156742,49066.4189779862,16901.762699014,38064.1280583451,53966.3211979778,41483.0707431869,46166.6246808072,7222.40684598507,23698.9558717655,24488.3166538657,16126.9300219672,7455.02419848452,43996.5967878405,23414.8722782613,42857.8720980332,30116.9532615681,19236.5747654482,24319.7969124053,41446.3243004378,16633.9706339806,33870.0574742763,17651.3686303771,23057.7343929556,18035.6237074796,19238.2207784993,10162.4996811223,27853.8807759357,57561.5512763766,31192.5703639853,44579.1041326556,36907.7529276719,11795.7517441108,16819.2366415815,42720.5231612503,37704.4965066138,34802.6920130582,34314.0278486394,15259.136789148,30363.1392963431,14648.925517713,68540.3683502095,23073.3063391227,20342.3300573178,26722.3391890897,67809.2318641102,59518.0093656726,32687.7944835883,54503.8202593535,58010.5129146391,12752.7433895975,6543.36792899655,9323.60625748008,12784.0377294143,16716.5560499774,22487.6041766662,51270.723671706,43142.3287450398,50376.1823278057,65169.975865821,8454.16453976349,36774.8985470135,20167.5139306965,24548.1882615532,9384.49089183378,19684.5379698124,12675.9633124688,18222.7256161656,10022.0053671726,48693.2308308913,61356.2340586454,28922.5879726919,13619.3842073178,9892.13019361037,25157.2712936001,11234.3916497128,9499.4442131723
Bicuar,17889.3530568369,19049.8698833593,38620.6064088653,16241.7195305112,36536.3103124277,10854.7979381446,10939.2278635132,19733.7292380814,12871.9717683602,30330.4968349386,27901.2053938502,10975.1257801175,0,19661.5023203712,19990.2017543861,59693.1012259154,44628.4778778087,12353.6198030638,43081.8524139983,26277.6838156309,21096.075584555,8451.42403191408,25757.0874670837,46843.6537027599,14392.5607966882,27772.3301015699,23024.3610509965,15336.1289219456,25916.812259188,48483.4853216379,31186.0884016076,5873.73612226598,16484.9992552586,21358.5023339521,6828.06417899621,29286.8349044376,12966.5440046402,22412.5424457532,40239.399925049,40623.2155086179,23789.7779676028,63462.9517460655,23920.0717239496,45854.9950287501,43359.7511845543,8600.49284816377,30629.7097688708,4611.01085935052,10527.0254336372,4794.10182995463,59299.3387779167,13097.9672030614,40495.6393113426,9390.6227098775,29219.171635966,45933.9497432775,33457.6540962575,36954.021788306,9729.03492222926,15017.8601777756,16506.777618927,10527.0254336372,11438.6512261022,35411.8569652205,14997.2667340553,34389.2666474275,20813.9831183446,12322.8347376965,17432.1121988715,35449.9756089485,25442.8573461678,26409.8380942468,9757.90595053728,14621.8282699423,11428.4430558849,11596.7259037386,3642.51500976999,36002.9227837459,49062.1688697372,24821.0554385856,36374.60375545,28378.9580141938,2303.20794859946,10167.311046446,34089.2199905347,29620.586600348,26985.1610307925,26157.1207839762,7043.71211059929,39475.0622921266,7397.2836075462,60037.8191198109,15831.8645796342,12171.5515822932,18090.0551708216,59155.143553076,51223.0142363347,24876.6369679294,46225.6659930393,48774.3617266854,3531.63419513733,11646.5468220995,16012.1484827799,12525.0605360538,11346.2030381572,13726.117217551,43405.1791294587,35203.2444696485,41325.7580213698,56602.1019925883,9562.03867398855,27694.1619465236,10899.2531584285,17739.4692135225,15680.8926546625,26659.2442565023,17620.1325100024,9754.49981379007,7609.3871740688,41783.6078268044,52539.8885518009,20031.4178741076,11100.9201211778,14223.8829882703,16344.53945866,15300.8892611425,6715.22605456545
Binder Lere,13851.2129457835,25459.9165569838,32216.8534657695,28219.5170233198,39591.3222559801,14752.1801219267,15848.7533916906,16070.8208961532,20510.1064850412,15829.102639711,24067.6743984809,26181.9839111713,19661.5023203712,0,17442.9579727103,50578.7940172832,40820.1766346912,20573.4515024393,35507.8722871546,21798.2680976427,14948.7880922063,23698.9145644605,37226.6008161866,41295.584220366,22840.5547955242,15524.4030578652,33577.3162422832,26543.6008790124,19805.862988889,43315.0167901232,27034.9445233197,20038.0442333257,17631.1174909726,19268.1419908326,23627.3920446618,37790.920779388,18996.9750051418,17835.2958796295,34023.2159533613,30867.5023213123,18929.8141372477,72079.14489032,31237.825864198,39803.8783376373,37061.6833781881,17036.5529883481,22001.2018267745,21830.2822159228,12061.3590740743,21260.6957482988,48654.291503665,16963.4216411678,31601.3568752734,19016.1209110292,25378.9709507869,34075.3536039689,25767.8188186168,32029.1379764317,26077.3817875913,11798.2744924553,10827.0609117084,12061.3590740743,25302.8582761927,31971.5343209881,10665.5847449696,28075.5186911126,17443.6349025395,11073.7666049391,10348.2564607813,26126.2193055564,35353.6743842327,21923.4226140584,17998.009224341,10892.2275816714,12781.1056421819,17426.3462463531,21132.5828088774,45887.764727891,39393.8313580234,15451.5814011139,31516.2044219633,24448.9452293626,19451.9811367597,18517.7405641979,30308.9062316242,20018.6967136673,21070.4023696846,20925.4011998454,19242.304006136,50563.6880445322,19136.1217251075,53168.183935784,11349.1072697054,18009.2031093185,15676.4940258537,49597.2782587752,42831.5721984151,17449.252748149,40471.3924778749,44199.8606822602,19582.0299729831,26048.336938032,22640.1797530868,19827.3760214122,15881.9876015204,16555.9855219517,35004.8302901469,23544.8876473922,35538.6511010327,44673.8612761314,23639.4554463732,22765.9502907861,16711.9957495586,27200.9707031608,22393.2800000003,34531.5606018514,23381.8800000006,17493.5466990789,21911.0467100809,32395.8346029731,45543.6575901228,16398.4660739427,18555.4871497729,21890.1289506179,11963.3501197871,22578.3580908837,21378.6736062643
Bontioli,21366.5435687323,20968.1319166236,35817.9539072329,26481.0206051057,30977.9182717284,13649.6447792907,15433.342459452,23555.0911352492,19843.5948346552,16672.8116204618,29003.3979859463,23630.3827409513,19990.2017543861,17442.9579727103,0,56885.4209037845,46655.3890427827,18904.0836644417,41694.625663633,25946.5537506396,19613.2556363494,22506.2136638805,30270.952285414,45397.9275075719,19388.0210910088,16236.9888042478,32578.5447036589,23933.6215244698,23299.4950590026,47368.5139773771,29923.4066077791,18663.381487458,19735.2845583109,24220.3975031516,21800.0412250471,37290.1628908773,12808.4331368656,25659.3769556017,39758.8699310136,28328.4094529088,25448.9909700264,65276.5587662195,30087.4779554401,43933.936639646,41541.214274475,18143.958125031,28734.09700581,19324.1531414863,12108.2530397397,19356.556835559,55148.147607316,19576.4413772823,37781.4685001591,16294.2835524551,30348.3044247526,39306.9397640466,30854.0638309256,37435.7958994015,22925.5461762182,20876.2553515994,21042.1794483886,12108.2530397397,22208.6019428054,35467.8884887667,19773.1994887169,33429.3789094926,24722.3938434891,14715.2113087792,20357.9963231972,23249.9608586836,34071.762268425,27327.7764248187,17596.183015852,19938.9096121921,15234.2471356058,17358.606261139,20954.5394267209,39465.4711619274,44279.2192507094,18769.010072536,35402.2982340845,27567.9012405386,19835.3147122196,16121.2923489385,34759.8422770186,26748.4405608282,26693.4609317116,27844.1760670767,17701.3051989871,46462.9197482663,17276.4161107652,58837.8603916899,19626.358507215,14917.5990415245,23848.8959679902,56086.2811612233,48228.2690475415,23419.5844247458,46383.3525356205,49419.4742228371,19599.5731763619,22815.6551631271,22050.2035094569,19831.6581177623,15581.3874319885,19508.9988989597,38025.3785052586,27799.8098374863,38986.6476765213,49728.98000972,22216.7187942242,28003.9353720403,17780.2830728139,24142.2636725518,21698.5948057532,28506.5174601801,23412.8136194048,17931.1373506527,21187.5604890507,35432.1565414118,48832.6714390884,23573.7691261867,18871.4136030105,23236.8880055409,21312.0385412833,21169.2341814807,19502.0726439796
Boumba Bek,47102.5122408205,68284.6328214873,29909.6958612305,70484.5490367624,76373.8489208333,61343.7803349849,63866.672983089,43371.7054988794,62471.3002979835,48927.4828856016,34033.7157943312,67958.4319975334,59693.1012259154,50578.7940172832,56885.4209037845,0,20772.8899360429,62050.5200746646,21375.3596705888,34842.956267217,41951.760013194,62493.0519484621,81697.1469983531,20035.9581942084,67632.4700625001,45099.8991231758,76498.0409284719,67365.9664000002,35118.139300001,20060.8671666661,32318.7187452682,58725.6054209062,45236.1916733656,40555.9932255647,64957.3177285252,84457.3336639202,65418.2113317074,40019.245549999,23289.6988705079,29884.9108876265,40077.4149817908,120095.352106688,78761.0996370371,22282.9500965625,22177.0959993857,55480.7861603554,33684.3287777784,61240.8262800699,59694.6683185178,60181.1890102784,4457.81363645829,51076.3432827477,22438.0477005418,57003.6831900211,32566.464483194,21575.9564889812,28725.3669690122,25155.1193631788,63317.5459359099,46003.2791599453,45247.8958292388,59694.6683185178,65202.3532383272,29132.6857444437,46413.6582642825,27168.1990423398,40563.5006118923,57232.0830938281,46103.8922003316,38946.3858771594,79571.9424988196,41145.7269333329,50861.6564496254,46144.9696406307,54294.528712871,55497.8970917453,60255.7963541662,92676.1314857139,19424.0040691373,41464.4024057638,29083.1660159566,35091.8721157044,57924.2784812554,51649.4432333342,29710.2726398343,33148.358417776,34381.1237474628,34985.057950595,60081.0050903347,97464.4587636055,59995.1391617351,4944.66640968267,46562.4087358982,48615.85301965,43546.4584438913,2985.86777414991,15626.0961053735,36910.5519333342,19841.8855490646,16034.591349216,57086.6398550324,66883.4213899048,69723.7328197533,64832.6740329851,60085.095518457,50820.2861238655,24888.4049286078,34298.05072177,26048.3458421761,14990.3191997116,63820.2570973661,37610.3685674935,55019.8548136046,70808.6751016244,70096.2349283953,82027.9505416658,71915.1346617285,57215.1652721451,61331.3286971064,27334.589493803,19122.5437999996,42123.0491568892,64266.696673885,68493.7231901242,44451.4737400021,67271.7885243807,60617.7149261706
Budongo,33991.2450525262,55479.1362510781,21242.7900497301,56933.2382204979,63139.8621201354,50172.2609250078,52249.8713110918,30471.6846878679,51296.7116206258,39885.9694211784,23757.676348507,53253.0125952713,44628.4778778087,40820.1766346912,46655.3890427827,20772.8899360429,0,51077.5397696442,9973.54561544669,24980.3373955119,33174.8188601306,47478.3912478115,68766.5419454803,14474.1122331447,55522.9239970964,36098.3560326256,65357.1162509139,56214.4977450917,29818.5241024017,8568.61838796688,23837.2772849865,43935.8810370512,32392.1134156941,28564.4196656468,49805.3618625412,72835.9332974757,53980.5961997832,29971.1070502471,15590.9834099005,22622.7102377655,29114.2219903212,107008.067826499,66856.2991551239,9761.31842120168,10471.2033309961,44578.3563163956,26625.1663817236,47008.500581376,48383.8611497549,45903.6566445707,20707.7614175759,37890.9839290619,19677.2498634608,43581.9836179322,24559.1912251258,14443.2962410239,22171.2220624719,17425.043641916,48504.4060465285,34892.1948885506,34978.2056390194,48383.8611497549,50880.3386448331,21868.0310580187,36746.9235846858,19767.3628050224,29190.2817182213,46519.1955517936,35887.3115146426,28994.3116290053,68253.3476336195,29499.1755916912,39629.9030437228,36024.8245478856,44094.9455510804,42070.7487216507,46190.4737674884,79803.1178994484,16682.0850331725,33422.0734974719,16560.6351388353,24278.8617911635,42935.632425362,41467.4151623577,15670.3943228861,26390.4635295545,25948.4215240496,25432.134027356,46198.2564698928,82979.5143032644,45790.3777504781,20393.3049604727,36592.524734739,36847.0375863522,31764.3989304405,20562.4690347166,15433.2209268986,31221.0688751004,6721.08994010524,13665.8559941527,42313.6443905813,52286.5757540783,58140.1638640944,54391.5055503862,49083.0063339584,37749.2000588347,15705.3129419721,28168.5215352769,13312.1646744367,17490.7444556319,49208.857087422,27865.1531978045,41404.2117951527,57893.2979189344,58456.2026117434,69476.4686936383,60392.6226705649,43061.3397289998,47003.0737955558,17777.3815168659,14256.889104156,31048.3472679243,53475.9624941777,57052.139760781,34447.2097323595,55592.3415183857,46598.8864862431
Buffalo,26406.7554821489,16397.3285622286,43357.9537578494,17275.9063702961,30522.8836069241,12489.6254599422,11900.0674417254,28015.8117219531,10977.7865556263,29607.3222716207,35250.871602051,12351.337523419,12353.6198030638,20573.4515024393,18904.0836644417,62050.5200746646,51077.5397696442,0,45809.7405984296,31825.8883663186,21409.4066763649,12691.3105052114,24899.1137315644,52727.9004655908,13002.8530516726,28211.9407529517,20813.379779021,14041.1673839752,27588.7341432176,54576.3173916049,34190.8324915578,16076.3719385467,22580.0501687664,27235.0631147151,11340.4813539454,23447.5079032751,12769.642866763,30642.4324268776,45128.4567454137,41490.9305860255,31785.5326083899,59792.1860410159,18913.9023251679,51204.3553873527,46166.3867133582,14561.3330945424,30233.509428562,14025.9685398385,12690.5751823062,14229.6002557759,59932.5099112175,22137.3700023749,42178.0280609028,17713.8574994697,36408.4972045268,45825.6936422283,36174.9654245313,43604.233323512,14001.727849383,22873.9474148964,22890.2181520548,12690.5751823062,13519.5881303619,41173.8631635738,20662.9811958795,38751.8000912615,29390.8631994945,14941.1044307237,22506.1960622207,35663.6977137236,22198.9049392929,32782.9907009854,17771.5200770475,22014.4532349513,13526.2070318395,19597.9434824828,12131.3147107545,32567.7846863176,49747.7545753341,22552.9384525424,41842.239034273,35364.7410716657,14243.31725822,11368.9553643133,39831.7231349236,30009.7171419949,31946.6583268059,33251.3527595292,15984.5936830858,37581.3635126122,16191.2413611921,64566.1319156361,21626.8781017771,16332.1894882872,26205.7855453246,60868.6748234692,52661.3412267328,26532.8398619895,51409.1455612009,55518.6362225049,14865.9143472223,14172.7962521223,11049.7308914986,10506.1245360082,11818.0723861471,22593.4812116567,42479.7350465478,35855.2421325896,46303.2607520872,57329.4029829805,13470.0378365989,34626.0251850783,19615.4724472088,23618.4913845579,10963.3667560035,23885.392284687,13245.5962603877,18071.5036007437,12839.1318217506,41555.4636292157,57367.1970713956,27969.8284277287,12029.5324724565,11296.6216294728,23634.5050346845,14237.5734597745,11078.598294611
